# H0 omega_b omega_cdm n_s logA tau_reio w0_fld wa_fld xi_chi chi_initial A_planck amp_143 amp_217 amp_143x217 n_143 n_217 n_143x217 calTE calEE
3.208435507322453528e-01 4.262226446861860301e-06 4.367355395428864956e-05 -9.693331189120150656e-05 -2.520393749718110514e-05 -5.379043829387849759e-05 -1.473312773345021240e-02 1.294455722025709965e-02 -2.530970776903522317e-04 -6.043328027827691478e-04 -2.095912178959382849e-05 2.379317693610365214e-02 2.273992294580295948e-02 2.305058723114667557e-02 -2.855610096911105622e-03 -4.750451960035279725e-03 -3.648465632083582131e-03 -8.822973147957036773e-05 -7.941824304648254808e-05
4.262226446861860301e-06 9.175565309298013981e-09 -1.741544129984653565e-08 8.293196432011795028e-08 1.128133037730393449e-07 5.422982697645432139e-08 -4.922865069794320196e-08 1.586648953125277652e-06 -1.630864292192099527e-08 -1.290134539698732890e-08 -1.021325721080457721e-09 -5.737374449620143092e-05 -5.827785030171101795e-05 -5.821493723983902410e-05 1.534064563016205589e-06 7.954202055587951349e-06 1.185057514278841098e-05 -2.692139131586293590e-08 -9.543080724806254940e-08
4.367355395428864956e-05 -1.741544129984653565e-08 5.337218131443080533e-07 -1.095664481084744542e-06 -6.454663880566988458e-07 -7.965377983018324786e-07 4.966335886891563315e-06 -5.410084223824212157e-05 -4.242768782145957729e-08 -3.216737788910579490e-07 -1.249612014453170016e-07 6.138776366169698922e-05 7.695622036601741222e-05 7.028379593110149499e-05 -4.105746498075486131e-06 -1.574544492351212508e-05 -2.086435644985212655e-05 -1.978440486653152865e-07 -4.889050061659681036e-07
-9.693331189120150656e-05 8.293196432011795028e-08 -1.095664481084744542e-06 1.234901475342555390e-05 2.841927150326762728e-06 3.345484548450251213e-06 1.686521114761799722e-08 7.946877013814365211e-05 -5.591360475020561974e-07 1.267408826810937030e-06 -2.542977282329072311e-07 -4.419106301344542104e-03 -4.223313731914517949e-03 -4.318824996908959650e-03 1.544323237117695494e-04 7.135088479888638743e-04 1.022557121074591218e-03 7.329529649314918338e-07 -1.399672451060187233e-06
-2.520393749718110514e-05 1.128133037730393449e-07 -6.454663880566988458e-07 2.841927150326762728e-06 1.061387423081451879e-04 4.222338793577256819e-05 -2.559426547202402186e-05 1.489286852115844341e-04 3.686223361461847572e-06 -6.432107346489777079e-07 9.972358122532580369e-06 -2.647151797752307287e-03 -2.794530314863269936e-03 -2.846567196125267870e-03 1.552806303117604313e-04 5.778602533926735160e-04 8.075552277904587527e-04 -1.850481651170913611e-06 3.570207448715204073e-07
-5.379043829387849759e-05 5.422982697645432139e-08 -7.965377983018324786e-07 3.345484548450251213e-06 4.222338793577256819e-05 2.310433772961082932e-05 -1.621549590150937371e-05 1.147398650268670854e-04 7.782704249292796310e-07 3.229424041250474647e-06 -1.032280943112358559e-06 -1.080664506974750002e-03 -1.070231185279564741e-03 -1.048357654290478762e-03 3.184919382318352247e-05 1.859923781824390364e-04 2.601824431428569062e-04 -1.011499723636347821e-06 -6.417791537769663999e-07
-1.473312773345021240e-02 -4.922865069794320196e-08 4.966335886891563315e-06 1.686521114761799722e-08 -2.559426547202402186e-05 -1.621549590150937371e-05 2.464478378963175925e-03 -7.889300233935780601e-03 -2.247260782005241163e-05 7.420803951862131771e-05 2.861172349917901323e-07 -4.444237656398055021e-03 -4.208014581698029527e-03 -3.919076798743574390e-03 -4.677673414555803995e-05 4.430666808193237582e-04 2.702217410464322934e-04 9.204312065107118431e-08 -1.591329655924756198e-05
1.294455722025709965e-02 1.586648953125277652e-06 -5.410084223824212157e-05 7.946877013814365211e-05 1.489286852115844341e-04 1.147398650268670854e-04 -7.889300233935780601e-03 3.203591829719535516e-02 1.211901696048309630e-04 -1.912657801156145826e-04 8.999100033378187044e-06 5.879062781850340549e-03 4.242746852616282628e-03 3.399290134825591354e-03 9.019629292196599526e-04 5.074504625098504073e-04 1.664352489414531490e-03 1.722615091954663596e-05 8.873524264887601854e-05
-2.530970776903522317e-04 -1.630864292192099527e-08 -4.242768782145957729e-08 -5.591360475020561974e-07 3.686223361461847572e-06 7.782704249292796310e-07 -2.247260782005241163e-05 1.211901696048309630e-04 1.946693126224862910e-04 1.569381064741394899e-05 1.259816819757063347e-06 3.080563166093207034e-04 -2.819285123671305904e-05 1.810469518202086157e-04 9.149366125489982152e-05 5.483030075785032124e-05 1.872766924665991446e-04 1.619098522305005577e-06 8.100856826664372940e-07
-6.043328027827691478e-04 -1.290134539698732890e-08 -3.216737788910579490e-07 1.267408826810937030e-06 -6.432107346489777079e-07 3.229424041250474647e-06 7.420803951862131771e-05 -1.912657801156145826e-04 1.569381064741394899e-05 1.838378518205763777e-03 -2.209862169682999614e-06 1.369574952058507473e-03 2.862631727813474232e-04 1.082579298273219455e-03 9.715375126014022078e-05 -4.358128673571228049e-04 -3.285063782544841060e-04 7.451240805801589860e-07 -4.976808242614245823e-06
-2.095912178959382849e-05 -1.021325721080457721e-09 -1.249612014453170016e-07 -2.542977282329072311e-07 9.972358122532580369e-06 -1.032280943112358559e-06 2.861172349917901323e-07 8.999100033378187044e-06 1.259816819757063135e-06 -2.209862169682999614e-06 6.230553177873156277e-06 6.184940193294133186e-04 5.193032836124029158e-04 4.955508009788875835e-04 -3.319895265150117880e-05 -7.141593689838799264e-05 -1.202193886067689518e-04 -7.747575930647014993e-08 1.758417750413815018e-07
2.379317693610365214e-02 -5.737374449620143092e-05 6.138776366169698922e-05 -4.419106301344542104e-03 -2.647151797752307287e-03 -1.080664506974750002e-03 -4.444237656398055021e-03 5.879062781850340549e-03 3.080563166093207034e-04 1.369574952058507473e-03 6.184940193294133186e-04 4.192464422977388416e+00 3.676152813025855615e+00 3.880014875397198804e+00 -1.871834962700570648e-01 -7.071731699223555712e-01 -1.029166034862027734e+00 -8.527819348486899344e-04 -2.578793848560267964e-04
2.273992294580295948e-02 -5.827785030171101795e-05 7.695622036601741222e-05 -4.223313731914517949e-03 -2.794530314863269936e-03 -1.070231185279564741e-03 -4.208014581698029527e-03 4.242746852616282628e-03 -2.819285123671305904e-05 2.862631727813474232e-04 5.193032836124029158e-04 3.676152813025855615e+00 3.801933083902366839e+00 3.746777664522896512e+00 -2.170484030151213217e-01 -7.157720918424129719e-01 -1.030805446997218988e+00 -9.244955067426937094e-04 -3.221738844414946852e-04
2.305058723114667557e-02 -5.821493723983902410e-05 7.028379593110149499e-05 -4.318824996908959650e-03 -2.846567196125267870e-03 -1.048357654290478762e-03 -3.919076798743574390e-03 3.399290134825593088e-03 1.810469518202086157e-04 1.082579298273219455e-03 4.955508009788875835e-04 3.880014875397198804e+00 3.746777664522896512e+00 3.876759454875720934e+00 -2.178653006720263352e-01 -7.190484711895638315e-01 -1.036024040077289321e+00 -9.283200780069253031e-04 -3.306211930135937328e-04
-2.855610096911105622e-03 1.534064563016205589e-06 -4.105746498075486131e-06 1.544323237117695494e-04 1.552806303117604313e-04 3.184919382318352247e-05 -4.677673414555803995e-05 9.019629292196599526e-04 9.149366125489982152e-05 9.715375126014020723e-05 -3.319895265150117880e-05 -1.871834962700570371e-01 -2.170484030151213217e-01 -2.178653006720263352e-01 3.557578564824546985e-02 4.412312147199249496e-02 7.786422210055717053e-02 1.063964802766851779e-04 1.112662330550031947e-04
-4.750451960035279725e-03 7.954202055587951349e-06 -1.574544492351212508e-05 7.135088479888638743e-04 5.778602533926735160e-04 1.859923781824390364e-04 4.430666808193237582e-04 5.074504625098504073e-04 5.483030075785032124e-05 -4.358128673571228049e-04 -7.141593689838799264e-05 -7.071731699223555712e-01 -7.157720918424129719e-01 -7.190484711895638315e-01 4.412312147199249496e-02 1.686669588870278735e-01 2.256562257846223829e-01 2.262961248850628654e-04 1.606707299346763059e-04
-3.648465632083582131e-03 1.185057514278841098e-05 -2.086435644985212655e-05 1.022557121074591218e-03 8.075552277904587527e-04 2.601824431428569062e-04 2.702217410464322934e-04 1.664352489414531490e-03 1.872766924665991446e-04 -3.285063782544841060e-04 -1.202193886067689518e-04 -1.029166034862027734e+00 -1.030805446997218988e+00 -1.036024040077289321e+00 7.786422210055717053e-02 2.256562257846223551e-01 3.511343842050662634e-01 2.868193467834538471e-04 2.291757572288295264e-04
-8.822973147957036773e-05 -2.692139131586293590e-08 -1.978440486653152865e-07 7.329529649314918338e-07 -1.850481651170913611e-06 -1.011499723636347821e-06 9.204312065107118431e-08 1.722615091954663596e-05 1.619098522305005577e-06 7.451240805801589860e-07 -7.747575930647014993e-08 -8.527819348486899344e-04 -9.244955067426937094e-04 -9.283200780069253031e-04 1.063964802766851779e-04 2.262961248850628654e-04 2.868193467834538471e-04 1.334777503101944372e-05 4.633258869728969205e-06
-7.941824304648252098e-05 -9.543080724806254940e-08 -4.889050061659679977e-07 -1.399672451060187444e-06 3.570207448715203015e-07 -6.417791537769663999e-07 -1.591329655924756198e-05 8.873524264887600499e-05 8.100856826664364469e-07 -4.976808242614248365e-06 1.758417750413815547e-07 -2.578793848560267422e-04 -3.221738844414944684e-04 -3.306211930135938954e-04 1.112662330550032489e-04 1.606707299346763331e-04 2.291757572288295264e-04 4.633258869728969205e-06 1.297852463929588940e-05
